3 38
0 230 500 0 0
3300 3500 200 100
0 1785
1 1826
2 1869
3 1912
4 1956
5 2002
6 2048
7 2096
8 2145
9 2195
10 2247
11 2300
12 2355
13 2411
14 2528
15 2589
16 2652
17 2717
18 2784
19 2852
20 2923
21 2995
22 3069
23 3146
24 3224
25 3304
26 3386
27 3470
28 3555
29 3642
30 3731
31 3821
32 3913
33 4006
34 4101
35 4197
36 4294
37 4392
0 1785
1 1826
2 1869
3 1912
4 1956
5 2002
6 2048
7 2096
8 2145
9 2195
10 2247
11 2300
12 2355
13 2411
14 2528
15 2589
16 2652
17 2717
18 2784
19 2852
20 2923
21 2995
22 3069
23 3146
24 3224
25 3304
26 3386
27 3470
28 3555
29 3642
30 3731
31 3821
32 3913
33 4006
34 4101
35 4197
36 4294
37 4392
0 1785
1 1826
2 1869
3 1912
4 1956
5 2002
6 2048
7 2096
8 2145
9 2195
10 2247
11 2300
12 2355
13 2411
14 2528
15 2589
16 2652
17 2717
18 2784
19 2852
20 2923
21 2995
22 3069
23 3146
24 3224
25 3304
26 3386
27 3470
28 3555
29 3642
30 3731
31 3821
32 3913
33 4006
34 4101
35 4197
36 4294
37 4392